联系方式,学号
13800138001,20230001
13800138002,20230001
13800138003,20230002
13800138004,20230002
13800138005,20230003
13800138006,20230003
13800138007,20230004
13800138008,20230004
13800138009,20230005
13800138010,20230005
13800138011,20230006
13800138012,20230006
13800138013,20230007
13800138014,20230007
13800138015,20230008
13800138016,20230008
13800138017,20230009
13800138018,20230009
13800138019,20230010
13800138020,20230010
13800138021,20230011
13800138022,20230011
13800138023,20230012
13800138024,20230012
13800138025,20230013
13800138026,20230013
13800138027,20230014
13800138028,20230014
13800138029,20230015
13800138030,20230015
13800138031,20230016
13800138032,20230016
13800138033,20230017
13800138034,20230017
13800138035,20230018
13800138036,20230018
13800138037,20230019
13800138038,20230019
13800138039,20230020
13800138040,20230020
13800138041,20230021
13800138042,20230021
13800138043,20230022
13800138044,20230022
13800138045,20230023
13800138046,20230023
13800138047,20230024
13800138048,20230024
13800138049,20230025
13800138050,20230025
13800138051,20230026
13800138052,20230026
13800138053,20230027
13800138054,20230027
13800138055,20230028
13800138056,20230028
13800138057,20230029
13800138058,20230029
13800138059,20230030
13800138060,20230030
13800138061,20230031
13800138062,20230031
13800138063,20230032
13800138064,20230032
13800138065,20230033
13800138066,20230033
13800138067,20230034
13800138068,20230034
13800138069,20230035
13800138070,20230035
13800138071,20230036
13800138072,20230036
13800138073,20230037
13800138074,20230037
13800138075,20230038
13800138076,20230038
13800138077,20230039
13800138078,20230039
13800138079,20230040
13800138080,20230040
13800138081,20230041
13800138082,20230041
13800138083,20230042
13800138084,20230042
13800138085,20230043
13800138086,20230043
13800138087,20230044
13800138088,20230044
13800138089,20230045
13800138090,20230045
13800138091,20230046
13800138092,20230046
13800138093,20230047
13800138094,20230047
13800138095,20230048
13800138096,20230048
13800138097,20230049
13800138098,20230049
13800138099,20230050
13800138100,20230050
